main.py change line 65
demo_main_1:my_cube(3,'050322144255145','3141525', 0, 0.2,0.2,0.2, 0, 0,0,0, 1)
demo_main_2:my_cube(3,'050322144255145','3141525', 1, 0.2,0.2,0.2, 1, 0,0,0, 1)
demo_main_3:my_cube(2,'0000','001122334455', 0, 0.2,0.2,0.2, 1, 0.4,0.4,0.4, 0)
demo_main_4:my_cube(2,'0000','001122334455', 0, 0.2,0.2,0.2, 0, 0,0,0, 1)
demo_main_5:my_cube(2,'0000','001122334455', 1, 0.2,0.2,0.2, 1, 0,0,0, 1)
demo_main_6:my_cube(1,'020202','0000', 1, 1,0.75,0.79, 1, 0,0,0, 1)
demo_main_7:my_cube(3,'020202','001122334455', 1, 0.2,0.2,0.2, 1, 0,0,0, 1)
dark.py change line 65
demo_dark_1:my_cube(3,'050322144255145','3141525', 0, 0.2,0.2,0.2, 1, 0.4,0.4,0.4, 0)
demo_dark_2:my_cube(3,'050322144255145','3141525', 0, 0.3,0.3,0.3, 0, 0,0,0, 1)
demo_dark_3:my_cube(3,'050322144255145','3141525', 1, 0.3,0.3,0.3, 1, 0,0,0, 1)
shadow.py change line 65
demo_shadow_1:my_cube(2,'0000','001122334455', 0, 0.2,0.2,0.2, 0, 0,0,0, 1)
demo_shadow_2:my_cube(2,'0000','001122334455', 0, 0.2,0.2,0.2, 1, 0,0,0, 1)
demo_shadow_3:my_cube(3,'0000','001122334455', 0, 0.2,0.2,0.2, 0, 0,0,0, 1)
demo_shadow_4:my_cube(3,'0000','001122334455', 0, 0.2,0.2,0.2, 1, 0,0,0, 1)
demo_shadow_5:my_cube(3,'0','0000', 0, 0.2,0.2,0.2, 1, 0,0,0, 1)